name: TG
lat: 45.935381
lon: 7.707319
alt_m: 3480
